0.0004 0.0476 0
0.0079 0.0471 0
0.0132 0.0456 0
0.0186 0.0444 0
0.0294 0.0425 0
0.039 0.0414 0
0.046 0.0402 0
0.0527 0.0388 0
0.0626 0.0373 0
0.0735 0.0358 0
0.0804 0.0347 0
0.0901 0.0331 0
0.1019 0.0321 0
0.1116 0.0303 0
0.1181 0.0293 0
0.1286 0.0279 0
0.1409 0.0266 0
0.1513 0.0252 0
0.1636 0.0241 0
0.1809 0.0226 0
0.1918 0.0212 0
0.2042 0.0206 0
0.2161 0.0193 0
0.2335 0.0179 0
0.2497 0.0164 0
0.2628 0.0152 0
0.2779 0.0136 0
0.302 0.0115 0
0.3134 0.0107 0
0.3263 0.0094 0
0.3451 0.0077 0
0.3666 0.0064 0
0.3896 0.005 0
0.4218 0.0037 0
0.4735 0.0022 0
0.5503 0.0014 0
0.6031 0 0
0.6647 0.0001 0
0.7274 0 0
0.8059 0.0001 0
0.889 0 0
0.926 0.003 0
0.9424 0.0002 0
0.956 0.0008 0
0.9682 0.002 0
0.9812 0.0035 0
0.9964 0.0065 0
0.9987 0.0085 0
0.9998 0.0103 0
1 0.012 0
0.9999 0.0141 0
0.9963 0.0171 0
0.9922 0.0202 0
0.9891 0.0223 0
0.9863 0.0252 0
0.9829 0.0277 0
0.9751 0.034 0
0.9678 0.0397 0
0.9613 0.0442 0
0.953 0.05 0 
0.9468 0.0531 0
0.9384 0.057 0
0.9314 0.0607 0
0.9253 0.0631 0
0.916 0.0658 0
0.907 0.0681 0
0.9025 0.069 0
0.8949 0.0712 0
0.8881 0.0731 0
0.8801 0.0752 0
0.8717 0.0775 0
0.8625 0.0791 0
0.8548 0.0805 0
0.8428 0.0829 0
0.8277 0.0843 0
0.8155 0.0859 0
0.8053 0.0878 0
0.7883 0.0891 0
0.7728 0.0906 0 
0.7644 0.0918 0
0.7453 0.0921 0
0.734 0.0919 0 
0.7179 0.0917 0
0.6891 0.0903 0
0.6702 0.0892 0
0.6527 0.088 0
0.6358 0.0872 0
0.6175 0.0858 0
0.6003 0.0844 0
0.5928 0.0833 0 
0.5579 0.08 0
0.5085 0.0756 0
0.4395 0.0684 0
0.3713 0.0612 0
0.3244 0.0564 0
0.2816 0.0534 0
0.2486 0.0509 0
0.2256 0.0501 0
0.2025 0.049 0
0.1732 0.0487 0
0.1388 0.0481 0
0.1241 0.049 0
0.1075 0.0501 0
0.0806 0.0509 0
0.0485 0.0509 0
0.0252 0.0515 0
0.0039 0.052 0
0.0028 0.0509 0
0 0.0484 0
0.0004 0.0476 0
